departure_from,departure_to,availability_start,availability_end,data_generated
Alghero,Belgrade,2026-07-09T07:00:00,2026-07-12T23:59:59,2026-07-09T07:00:00
Alghero,Bucharest,2026-07-09T07:00:00,2026-07-12T23:59:59,2026-07-09T07:00:00
Alghero,Budapest,2026-07-09T07:00:00,2026-07-12T23:59:59,2026-07-09T07:00:00
Alghero,Sofia,2026-07-09T07:00:00,2026-07-12T23:59:59,2026-07-09T07:00:00
Alghero,Warsaw,2026-07-09T07:00:00,2026-07-12T23:59:59,2026-07-09T07:00:00
Alicante,Belgrade,2026-07-09T07:00:00,2026-07-12T23:59:59,2026-07-09T07:00:00
Alicante,Bratislava,2026-07-09T07:00:00,2026-07-12T23:59:59,2026-07-09T07:00:00
Alicante,Budapest,2026-07-09T07:00:00,2026-07-12T23:59:59,2026-07-09T07:00:00
Alicante,Gdansk,2026-07-09T07:00:00,2026-07-12T23:59:59,2026-07-09T07:00:00
Alicante,Katowice,2026-07-09T07:00:00,2026-07-12T23:59:59,2026-07-09T07:00:00
Alicante,London,2026-07-09T07:00:00,2026-07-12T23:59:59,2026-07-09T07:00:00
Alicante,Milan,2026-07-09T07:00:00,2026-07-12T23:59:59,2026-07-09T07:00:00
Alicante,Rome,2026-07-09T07:00:00,2026-07-12T23:59:59,2026-07-09T07:00:00
Alicante,Venice,2026-07-09T07:00:00,2026-07-12T23:59:59,2026-07-09T07:00:00
Alicante,Warsaw,2026-07-09T07:00:00,2026-07-12T23:59:59,2026-07-09T07:00:00
Ankara,Budapest,2026-07-09T07:00:00,2026-07-12T23:59:59,2026-07-09T07:00:00
Antalya,Budapest,2026-07-09T07:00:00,2026-07-12T23:59:59,2026-07-09T07:00:00
Antalya,London,2026-07-09T07:00:00,2026-07-12T23:59:59,2026-07-09T07:00:00
Athens,Bratislava,2026-07-09T07:00:00,2026-07-12T23:59:59,2026-07-09T07:00:00
Athens,Bucharest,2026-07-09T07:00:00,2026-07-12T23:59:59,2026-07-09T07:00:00
Athens,Budapest,2026-07-09T07:00:00,2026-07-12T23:59:59,2026-07-09T07:00:00
Athens,Craiova,2026-07-09T07:00:00,2026-07-12T23:59:59,2026-07-09T07:00:00
Athens,Gdansk,2026-07-09T07:00:00,2026-07-12T23:59:59,2026-07-09T07:00:00
Athens,London,2026-07-09T07:00:00,2026-07-12T23:59:59,2026-07-09T07:00:00
Athens,Varna,2026-07-09T07:00:00,2026-07-12T23:59:59,2026-07-09T07:00:00
Athens,Venice,2026-07-09T07:00:00,2026-07-12T23:59:59,2026-07-09T07:00:00
Athens,Warsaw,2026-07-09T07:00:00,2026-07-12T23:59:59,2026-07-09T07:00:00
Bacau,London,2026-07-09T07:00:00,2026-07-12T23:59:59,2026-07-09T07:00:00
Banja Luka,Basel/Mulhouse,2026-07-09T07:00:00,2026-07-12T23:59:59,2026-07-09T07:00:00
Banja Luka,Dortmund,2026-07-09T07:00:00,2026-07-12T23:59:59,2026-07-09T07:00:00
Barcelona,Belgrade,2026-07-09T07:00:00,2026-07-12T23:59:59,2026-07-09T07:00:00
Barcelona,Chisinau,2026-07-09T07:00:00,2026-07-12T23:59:59,2026-07-09T07:00:00
Barcelona,Craiova,2026-07-09T07:00:00,2026-07-12T23:59:59,2026-07-09T07:00:00
Barcelona,Katowice,2026-07-09T07:00:00,2026-07-12T23:59:59,2026-07-09T07:00:00
Barcelona,Larnaca,2026-07-09T07:00:00,2026-07-12T23:59:59,2026-07-09T07:00:00
Barcelona,London,2026-07-09T07:00:00,2026-07-12T23:59:59,2026-07-09T07:00:00
Barcelona,Milan,2026-07-09T07:00:00,2026-07-12T23:59:59,2026-07-09T07:00:00
Barcelona,Skopje,2026-07-09T07:00:00,2026-07-12T23:59:59,2026-07-09T07:00:00
Barcelona,Varna,2026-07-09T07:00:00,2026-07-12T23:59:59,2026-07-09T07:00:00
Barcelona,Venice,2026-07-09T07:00:00,2026-07-12T23:59:59,2026-07-09T07:00:00
Barcelona,Wroclaw,2026-07-09T07:00:00,2026-07-12T23:59:59,2026-07-09T07:00:00
Bari,Budapest,2026-07-09T07:00:00,2026-07-12T23:59:59,2026-07-09T07:00:00
Bari,Cluj,2026-07-09T07:00:00,2026-07-12T23:59:59,2026-07-09T07:00:00
Bari,Skopje,2026-07-09T07:00:00,2026-07-12T23:59:59,2026-07-09T07:00:00
Bari,Warsaw,2026-07-09T07:00:00,2026-07-12T23:59:59,2026-07-09T07:00:00
Bari,Wroclaw,2026-07-09T07:00:00,2026-07-12T23:59:59,2026-07-09T07:00:00
Basel/Mulhouse,Chisinau,2026-07-09T07:00:00,2026-07-12T23:59:59,2026-07-09T07:00:00
Basel/Mulhouse,Krakow,2026-07-09T07:00:00,2026-07-12T23:59:59,2026-07-09T07:00:00
Basel/Mulhouse,Wroclaw,2026-07-09T07:00:00,2026-07-12T23:59:59,2026-07-09T07:00:00
Belgrade,Alghero,2026-07-09T07:00:00,2026-07-12T23:59:59,2026-07-09T07:00:00
Belgrade,Alicante,2026-07-09T07:00:00,2026-07-12T23:59:59,2026-07-09T07:00:00
Belgrade,Basel/Mulhouse,2026-07-09T07:00:00,2026-07-12T23:59:59,2026-07-09T07:00:00
Belgrade,Berlin,2026-07-09T07:00:00,2026-07-12T23:59:59,2026-07-09T07:00:00
Belgrade,Dortmund,2026-07-09T07:00:00,2026-07-12T23:59:59,2026-07-09T07:00:00
Belgrade,Eindhoven,2026-07-09T07:00:00,2026-07-12T23:59:59,2026-07-09T07:00:00
Belgrade,Friedrichshafen,2026-07-09T07:00:00,2026-07-12T23:59:59,2026-07-09T07:00:00
Belgrade,Gothenburg,2026-07-09T07:00:00,2026-07-12T23:59:59,2026-07-09T07:00:00
Belgrade,Hamburg,2026-07-09T07:00:00,2026-07-12T23:59:59,2026-07-09T07:00:00
Belgrade,Karlsruhe/Baden-Baden,2026-07-09T07:00:00,2026-07-12T23:59:59,2026-07-09T07:00:00
Belgrade,Madrid,2026-07-09T07:00:00,2026-07-12T23:59:59,2026-07-09T07:00:00
Belgrade,Malmo,2026-07-09T07:00:00,2026-07-12T23:59:59,2026-07-09T07:00:00
Belgrade,Malta,2026-07-09T07:00:00,2026-07-12T23:59:59,2026-07-09T07:00:00
Belgrade,Milan,2026-07-09T07:00:00,2026-07-12T23:59:59,2026-07-09T07:00:00
Belgrade,Paris,2026-07-09T07:00:00,2026-07-12T23:59:59,2026-07-09T07:00:00
Belgrade,Pisa,2026-07-09T07:00:00,2026-07-12T23:59:59,2026-07-09T07:00:00
Bilbao,Budapest,2026-07-09T07:00:00,2026-07-12T23:59:59,2026-07-09T07:00:00
Bilbao,London,2026-07-09T07:00:00,2026-07-12T23:59:59,2026-07-09T07:00:00
Bilbao,Milan,2026-07-09T07:00:00,2026-07-12T23:59:59,2026-07-09T07:00:00
Bilbao,Rome,2026-07-09T07:00:00,2026-07-12T23:59:59,2026-07-09T07:00:00
Bilbao,Warsaw,2026-07-09T07:00:00,2026-07-12T23:59:59,2026-07-09T07:00:00
Billund,Iasi,2026-07-09T07:00:00,2026-07-12T23:59:59,2026-07-09T07:00:00
Birmingham,Craiova,2026-07-09T07:00:00,2026-07-12T23:59:59,2026-07-09T07:00:00
Birmingham,Rome,2026-07-09T07:00:00,2026-07-12T23:59:59,2026-07-09T07:00:00
Birmingham,Suceava,2026-07-09T07:00:00,2026-07-12T23:59:59,2026-07-09T07:00:00
Bratislava,Dortmund,2026-07-09T07:00:00,2026-07-12T23:59:59,2026-07-09T07:00:00
Bratislava,Lamezia Terme,2026-07-09T07:00:00,2026-07-12T23:59:59,2026-07-09T07:00:00
Bratislava,London,2026-07-09T07:00:00,2026-07-12T23:59:59,2026-07-09T07:00:00
Bratislava,Naples,2026-07-09T07:00:00,2026-07-12T23:59:59,2026-07-09T07:00:00
Bratislava,Rome,2026-07-09T07:00:00,2026-07-12T23:59:59,2026-07-09T07:00:00
Bratislava,Warsaw,2026-07-09T07:00:00,2026-07-12T23:59:59,2026-07-09T07:00:00
Brindisi,Warsaw,2026-07-09T07:00:00,2026-07-12T23:59:59,2026-07-09T07:00:00
Brussels,Iasi,2026-07-09T07:00:00,2026-07-12T23:59:59,2026-07-09T07:00:00
Brussels,Suceava,2026-07-09T07:00:00,2026-07-12T23:59:59,2026-07-09T07:00:00
Bucharest,Alghero,2026-07-09T07:00:00,2026-07-12T23:59:59,2026-07-09T07:00:00
Bucharest,Alicante,2026-07-09T07:00:00,2026-07-12T23:59:59,2026-07-09T07:00:00
Bucharest,Athens,2026-07-09T07:00:00,2026-07-12T23:59:59,2026-07-09T07:00:00
Bucharest,Barcelona,2026-07-09T07:00:00,2026-07-12T23:59:59,2026-07-09T07:00:00
Bucharest,Bari,2026-07-09T07:00:00,2026-07-12T23:59:59,2026-07-09T07:00:00
Bucharest,Basel/Mulhouse,2026-07-09T07:00:00,2026-07-12T23:59:59,2026-07-09T07:00:00
Bucharest,Berlin,2026-07-09T07:00:00,2026-07-12T23:59:59,2026-07-09T07:00:00
Bucharest,Billund,2026-07-09T07:00:00,2026-07-12T23:59:59,2026-07-09T07:00:00
Bucharest,Bologna,2026-07-09T07:00:00,2026-07-12T23:59:59,2026-07-09T07:00:00
Bucharest,Brindisi,2026-07-09T07:00:00,2026-07-12T23:59:59,2026-07-09T07:00:00
Bucharest,Brussels,2026-07-09T07:00:00,2026-07-12T23:59:59,2026-07-09T07:00:00
Bucharest,Budapest,2026-07-09T07:00:00,2026-07-12T23:59:59,2026-07-09T07:00:00
Bucharest,Castellon,2026-07-09T07:00:00,2026-07-12T23:59:59,2026-07-09T07:00:00
Bucharest,Chisinau,2026-07-09T07:00:00,2026-07-12T23:59:59,2026-07-09T07:00:00
Bucharest,Eindhoven,2026-07-09T07:00:00,2026-07-12T23:59:59,2026-07-09T07:00:00
Bucharest,Faro,2026-07-09T07:00:00,2026-07-12T23:59:59,2026-07-09T07:00:00
Bucharest,Gran Canaria,2026-07-09T07:00:00,2026-07-12T23:59:59,2026-07-09T07:00:00
Bucharest,Hamburg,2026-07-09T07:00:00,2026-07-12T23:59:59,2026-07-09T07:00:00
Bucharest,Heraklion,2026-07-09T07:00:00,2026-07-12T23:59:59,2026-07-09T07:00:00
Bucharest,Kefallinia,2026-07-09T07:00:00,2026-07-12T23:59:59,2026-07-09T07:00:00
Bucharest,Kerkyra,2026-07-09T07:00:00,2026-07-12T23:59:59,2026-07-09T07:00:00
Bucharest,Leeds/Bradford,2026-07-09T07:00:00,2026-07-12T23:59:59,2026-07-09T07:00:00
Bucharest,Liverpool,2026-07-09T07:00:00,2026-07-12T23:59:59,2026-07-09T07:00:00
Bucharest,London,2026-07-09T07:00:00,2026-07-12T23:59:59,2026-07-09T07:00:00
Bucharest,Madrid,2026-07-09T07:00:00,2026-07-12T23:59:59,2026-07-09T07:00:00
Bucharest,Malaga,2026-07-09T07:00:00,2026-07-12T23:59:59,2026-07-09T07:00:00
Bucharest,Malta,2026-07-09T07:00:00,2026-07-12T23:59:59,2026-07-09T07:00:00
Bucharest,Milan,2026-07-09T07:00:00,2026-07-12T23:59:59,2026-07-09T07:00:00
Bucharest,Mykonos,2026-07-09T07:00:00,2026-07-12T23:59:59,2026-07-09T07:00:00
Bucharest,Naples,2026-07-09T07:00:00,2026-07-12T23:59:59,2026-07-09T07:00:00
Bucharest,Nice,2026-07-09T07:00:00,2026-07-12T23:59:59,2026-07-09T07:00:00
Bucharest,Palma De Mallorca,2026-07-09T07:00:00,2026-07-12T23:59:59,2026-07-09T07:00:00
Bucharest,Pisa,2026-07-09T07:00:00,2026-07-12T23:59:59,2026-07-09T07:00:00
Bucharest,Rome,2026-07-09T07:00:00,2026-07-12T23:59:59,2026-07-09T07:00:00
Bucharest,Santander,2026-07-09T07:00:00,2026-07-12T23:59:59,2026-07-09T07:00:00
Bucharest,Santorini,2026-07-09T07:00:00,2026-07-12T23:59:59,2026-07-09T07:00:00
Bucharest,Stuttgart,2026-07-09T07:00:00,2026-07-12T23:59:59,2026-07-09T07:00:00
Bucharest,Tenerife,2026-07-09T07:00:00,2026-07-12T23:59:59,2026-07-09T07:00:00
Bucharest,Turin,2026-07-09T07:00:00,2026-07-12T23:59:59,2026-07-09T07:00:00
Bucharest,Valencia,2026-07-09T07:00:00,2026-07-12T23:59:59,2026-07-09T07:00:00
Bucharest,Venice,2026-07-09T07:00:00,2026-07-12T23:59:59,2026-07-09T07:00:00
Bucharest,Wroclaw,2026-07-09T07:00:00,2026-07-12T23:59:59,2026-07-09T07:00:00
Bucharest,Zakinthos Island,2026-07-09T07:00:00,2026-07-12T23:59:59,2026-07-09T07:00:00
Bucharest,Zaragoza,2026-07-09T07:00:00,2026-07-12T23:59:59,2026-07-09T07:00:00
Budapest,Alghero,2026-07-09T07:00:00,2026-07-12T23:59:59,2026-07-09T07:00:00
Budapest,Basel/Mulhouse,2026-07-09T07:00:00,2026-07-12T23:59:59,2026-07-09T07:00:00
Budapest,Bilbao,2026-07-09T07:00:00,2026-07-12T23:59:59,2026-07-09T07:00:00
Budapest,Billund,2026-07-09T07:00:00,2026-07-12T23:59:59,2026-07-09T07:00:00
Budapest,Brussels,2026-07-09T07:00:00,2026-07-12T23:59:59,2026-07-09T07:00:00
Budapest,Burgas,2026-07-09T07:00:00,2026-07-12T23:59:59,2026-07-09T07:00:00
Budapest,Dortmund,2026-07-09T07:00:00,2026-07-12T23:59:59,2026-07-09T07:00:00
Budapest,Gdansk,2026-07-09T07:00:00,2026-07-12T23:59:59,2026-07-09T07:00:00
Budapest,Genoa,2026-07-09T07:00:00,2026-07-12T23:59:59,2026-07-09T07:00:00
Budapest,Kefallinia,2026-07-09T07:00:00,2026-07-12T23:59:59,2026-07-09T07:00:00
Budapest,Krakow,2026-07-09T07:00:00,2026-07-12T23:59:59,2026-07-09T07:00:00
Budapest,London,2026-07-09T07:00:00,2026-07-12T23:59:59,2026-07-09T07:00:00
Budapest,Madrid,2026-07-09T07:00:00,2026-07-12T23:59:59,2026-07-09T07:00:00
Budapest,Malaga,2026-07-09T07:00:00,2026-07-12T23:59:59,2026-07-09T07:00:00
Budapest,Menorca,2026-07-09T07:00:00,2026-07-12T23:59:59,2026-07-09T07:00:00
Budapest,Milan,2026-07-09T07:00:00,2026-07-12T23:59:59,2026-07-09T07:00:00
Budapest,Rhodes,2026-07-09T07:00:00,2026-07-12T23:59:59,2026-07-09T07:00:00
Budapest,Rimini,2026-07-09T07:00:00,2026-07-12T23:59:59,2026-07-09T07:00:00
Budapest,Santorini,2026-07-09T07:00:00,2026-07-12T23:59:59,2026-07-09T07:00:00
Budapest,Skopje,2026-07-09T07:00:00,2026-07-12T23:59:59,2026-07-09T07:00:00
Budapest,Sofia,2026-07-09T07:00:00,2026-07-12T23:59:59,2026-07-09T07:00:00
Budapest,Stuttgart,2026-07-09T07:00:00,2026-07-12T23:59:59,2026-07-09T07:00:00
Budapest,Targu-Mures,2026-07-09T07:00:00,2026-07-12T23:59:59,2026-07-09T07:00:00
Budapest,Tel Aviv,2026-07-09T07:00:00,2026-07-12T23:59:59,2026-07-09T07:00:00
Budapest,Turin,2026-07-09T07:00:00,2026-07-12T23:59:59,2026-07-09T07:00:00
Budapest,Wroclaw,2026-07-09T07:00:00,2026-07-12T23:59:59,2026-07-09T07:00:00
Budapest,Zakinthos Island,2026-07-09T07:00:00,2026-07-12T23:59:59,2026-07-09T07:00:00
Burgas,Budapest,2026-07-09T07:00:00,2026-07-12T23:59:59,2026-07-09T07:00:00
Burgas,Gdansk,2026-07-09T07:00:00,2026-07-12T23:59:59,2026-07-09T07:00:00
Burgas,Katowice,2026-07-09T07:00:00,2026-07-12T23:59:59,2026-07-09T07:00:00
Burgas,London,2026-07-09T07:00:00,2026-07-12T23:59:59,2026-07-09T07:00:00
Burgas,Lublin,2026-07-09T07:00:00,2026-07-12T23:59:59,2026-07-09T07:00:00
Burgas,Warsaw,2026-07-09T07:00:00,2026-07-12T23:59:59,2026-07-09T07:00:00
Catania,Gdansk,2026-07-09T07:00:00,2026-07-12T23:59:59,2026-07-09T07:00:00
Catania,Katowice,2026-07-09T07:00:00,2026-07-12T23:59:59,2026-07-09T07:00:00
Catania,Podgorica,2026-07-09T07:00:00,2026-07-12T23:59:59,2026-07-09T07:00:00
Catania,Warsaw,2026-07-09T07:00:00,2026-07-12T23:59:59,2026-07-09T07:00:00
Chania,Belgrade,2026-07-09T07:00:00,2026-07-12T23:59:59,2026-07-09T07:00:00
Chania,London,2026-07-09T07:00:00,2026-07-12T23:59:59,2026-07-09T07:00:00
Chania,Rome,2026-07-09T07:00:00,2026-07-12T23:59:59,2026-07-09T07:00:00
Chania,Warsaw,2026-07-09T07:00:00,2026-07-12T23:59:59,2026-07-09T07:00:00
Chisinau,Athens,2026-07-09T07:00:00,2026-07-12T23:59:59,2026-07-09T07:00:00
Chisinau,Barcelona,2026-07-09T07:00:00,2026-07-12T23:59:59,2026-07-09T07:00:00
Chisinau,Berlin,2026-07-09T07:00:00,2026-07-12T23:59:59,2026-07-09T07:00:00
Chisinau,Bologna,2026-07-09T07:00:00,2026-07-12T23:59:59,2026-07-09T07:00:00
Chisinau,Bratislava,2026-07-09T07:00:00,2026-07-12T23:59:59,2026-07-09T07:00:00
Chisinau,Brussels,2026-07-09T07:00:00,2026-07-12T23:59:59,2026-07-09T07:00:00
Chisinau,Bucharest,2026-07-09T07:00:00,2026-07-12T23:59:59,2026-07-09T07:00:00
Chisinau,Budapest,2026-07-09T07:00:00,2026-07-12T23:59:59,2026-07-09T07:00:00
Chisinau,Dortmund,2026-07-09T07:00:00,2026-07-12T23:59:59,2026-07-09T07:00:00
Chisinau,Larnaca,2026-07-09T07:00:00,2026-07-12T23:59:59,2026-07-09T07:00:00
Chisinau,London,2026-07-09T07:00:00,2026-07-12T23:59:59,2026-07-09T07:00:00
Chisinau,Milan,2026-07-09T07:00:00,2026-07-12T23:59:59,2026-07-09T07:00:00
Chisinau,Nuremberg,2026-07-09T07:00:00,2026-07-12T23:59:59,2026-07-09T07:00:00
Chisinau,Paris,2026-07-09T07:00:00,2026-07-12T23:59:59,2026-07-09T07:00:00
Chisinau,Prague,2026-07-09T07:00:00,2026-07-12T23:59:59,2026-07-09T07:00:00
Chisinau,Rhodes,2026-07-09T07:00:00,2026-07-12T23:59:59,2026-07-09T07:00:00
Chisinau,Rimini,2026-07-09T07:00:00,2026-07-12T23:59:59,2026-07-09T07:00:00
Chisinau,Sofia,2026-07-09T07:00:00,2026-07-12T23:59:59,2026-07-09T07:00:00
Chisinau,Stuttgart,2026-07-09T07:00:00,2026-07-12T23:59:59,2026-07-09T07:00:00
Chisinau,Turin,2026-07-09T07:00:00,2026-07-12T23:59:59,2026-07-09T07:00:00
Chisinau,Verona,2026-07-09T07:00:00,2026-07-12T23:59:59,2026-07-09T07:00:00
Chisinau,Warsaw,2026-07-09T07:00:00,2026-07-12T23:59:59,2026-07-09T07:00:00
Chisinau,Wroclaw,2026-07-09T07:00:00,2026-07-12T23:59:59,2026-07-09T07:00:00
Cluj,Barcelona,2026-07-09T07:00:00,2026-07-12T23:59:59,2026-07-09T07:00:00
Cluj,Basel/Mulhouse,2026-07-09T07:00:00,2026-07-12T23:59:59,2026-07-09T07:00:00
Cluj,Berlin,2026-07-09T07:00:00,2026-07-12T23:59:59,2026-07-09T07:00:00
Cluj,Billund,2026-07-09T07:00:00,2026-07-12T23:59:59,2026-07-09T07:00:00
Cluj,Bologna,2026-07-09T07:00:00,2026-07-12T23:59:59,2026-07-09T07:00:00
Cluj,Brussels,2026-07-09T07:00:00,2026-07-12T23:59:59,2026-07-09T07:00:00
Cluj,Catania,2026-07-09T07:00:00,2026-07-12T23:59:59,2026-07-09T07:00:00
Cluj,Dubrovnik,2026-07-09T07:00:00,2026-07-12T23:59:59,2026-07-09T07:00:00
Cluj,Eindhoven,2026-07-09T07:00:00,2026-07-12T23:59:59,2026-07-09T07:00:00
Cluj,Heraklion,2026-07-09T07:00:00,2026-07-12T23:59:59,2026-07-09T07:00:00
Cluj,Lisbon,2026-07-09T07:00:00,2026-07-12T23:59:59,2026-07-09T07:00:00
Cluj,London,2026-07-09T07:00:00,2026-07-12T23:59:59,2026-07-09T07:00:00
Cluj,Madrid,2026-07-09T07:00:00,2026-07-12T23:59:59,2026-07-09T07:00:00
Cluj,Memmingen,2026-07-09T07:00:00,2026-07-12T23:59:59,2026-07-09T07:00:00
Cluj,Milan,2026-07-09T07:00:00,2026-07-12T23:59:59,2026-07-09T07:00:00
Cluj,Rome,2026-07-09T07:00:00,2026-07-12T23:59:59,2026-07-09T07:00:00
Cluj,Venice,2026-07-09T07:00:00,2026-07-12T23:59:59,2026-07-09T07:00:00
Cluj,Zaragoza,2026-07-09T07:00:00,2026-07-12T23:59:59,2026-07-09T07:00:00
Craiova,Athens,2026-07-09T07:00:00,2026-07-12T23:59:59,2026-07-09T07:00:00
Craiova,Barcelona,2026-07-09T07:00:00,2026-07-12T23:59:59,2026-07-09T07:00:00
Craiova,Bari,2026-07-09T07:00:00,2026-07-12T23:59:59,2026-07-09T07:00:00
Craiova,Bologna,2026-07-09T07:00:00,2026-07-12T23:59:59,2026-07-09T07:00:00
Craiova,Brussels,2026-07-09T07:00:00,2026-07-12T23:59:59,2026-07-09T07:00:00
Craiova,Dortmund,2026-07-09T07:00:00,2026-07-12T23:59:59,2026-07-09T07:00:00
Craiova,London,2026-07-09T07:00:00,2026-07-12T23:59:59,2026-07-09T07:00:00
Craiova,Madrid,2026-07-09T07:00:00,2026-07-12T23:59:59,2026-07-09T07:00:00
Craiova,Milan,2026-07-09T07:00:00,2026-07-12T23:59:59,2026-07-09T07:00:00
Craiova,Paris,2026-07-09T07:00:00,2026-07-12T23:59:59,2026-07-09T07:00:00
Craiova,Venice,2026-07-09T07:00:00,2026-07-12T23:59:59,2026-07-09T07:00:00
Dalaman,London,2026-07-09T07:00:00,2026-07-12T23:59:59,2026-07-09T07:00:00
Debrecen,London,2026-07-09T07:00:00,2026-07-12T23:59:59,2026-07-09T07:00:00
Debrecen,Varna,2026-07-09T07:00:00,2026-07-12T23:59:59,2026-07-09T07:00:00
Dortmund,Kutaisi,2026-07-09T07:00:00,2026-07-12T23:59:59,2026-07-09T07:00:00
Dortmund,Nis,2026-07-09T07:00:00,2026-07-12T23:59:59,2026-07-09T07:00:00
Dortmund,Podgorica,2026-07-09T07:00:00,2026-07-12T23:59:59,2026-07-09T07:00:00
Dubrovnik,Bucharest,2026-07-09T07:00:00,2026-07-12T23:59:59,2026-07-09T07:00:00
Dubrovnik,Cluj,2026-07-09T07:00:00,2026-07-12T23:59:59,2026-07-09T07:00:00
Dubrovnik,Gdansk,2026-07-09T07:00:00,2026-07-12T23:59:59,2026-07-09T07:00:00
Dubrovnik,Warsaw,2026-07-09T07:00:00,2026-07-12T23:59:59,2026-07-09T07:00:00
Eindhoven,Katowice,2026-07-09T07:00:00,2026-07-12T23:59:59,2026-07-09T07:00:00
Faro,London,2026-07-09T07:00:00,2026-07-12T23:59:59,2026-07-09T07:00:00
Faro,Warsaw,2026-07-09T07:00:00,2026-07-12T23:59:59,2026-07-09T07:00:00
Gdansk,Aalesund,2026-07-09T07:00:00,2026-07-12T23:59:59,2026-07-09T07:00:00
Gdansk,Aberdeen,2026-07-09T07:00:00,2026-07-12T23:59:59,2026-07-09T07:00:00
Gdansk,Bergen,2026-07-09T07:00:00,2026-07-12T23:59:59,2026-07-09T07:00:00
Gdansk,Billund,2026-07-09T07:00:00,2026-07-12T23:59:59,2026-07-09T07:00:00
Gdansk,Burgas,2026-07-09T07:00:00,2026-07-12T23:59:59,2026-07-09T07:00:00
Gdansk,Copenhagen,2026-07-09T07:00:00,2026-07-12T23:59:59,2026-07-09T07:00:00
Gdansk,Dortmund,2026-07-09T07:00:00,2026-07-12T23:59:59,2026-07-09T07:00:00
Gdansk,Dubrovnik,2026-07-09T07:00:00,2026-07-12T23:59:59,2026-07-09T07:00:00
Gdansk,Eindhoven,2026-07-09T07:00:00,2026-07-12T23:59:59,2026-07-09T07:00:00
Gdansk,Hamburg,2026-07-09T07:00:00,2026-07-12T23:59:59,2026-07-09T07:00:00
Gdansk,Haugesund,2026-07-09T07:00:00,2026-07-12T23:59:59,2026-07-09T07:00:00
Gdansk,London,2026-07-09T07:00:00,2026-07-12T23:59:59,2026-07-09T07:00:00
Gdansk,Madrid,2026-07-09T07:00:00,2026-07-12T23:59:59,2026-07-09T07:00:00
Gdansk,Nice,2026-07-09T07:00:00,2026-07-12T23:59:59,2026-07-09T07:00:00
Gdansk,Oslo,2026-07-09T07:00:00,2026-07-12T23:59:59,2026-07-09T07:00:00
Gdansk,Reykjavik,2026-07-09T07:00:00,2026-07-12T23:59:59,2026-07-09T07:00:00
Gdansk,Stavanger,2026-07-09T07:00:00,2026-07-12T23:59:59,2026-07-09T07:00:00
Gdansk,Trondheim,2026-07-09T07:00:00,2026-07-12T23:59:59,2026-07-09T07:00:00
Gdansk,Turku,2026-07-09T07:00:00,2026-07-12T23:59:59,2026-07-09T07:00:00
Genoa,Budapest,2026-07-09T07:00:00,2026-07-12T23:59:59,2026-07-09T07:00:00
Genoa,Krakow,2026-07-09T07:00:00,2026-07-12T23:59:59,2026-07-09T07:00:00
Genoa,Warsaw,2026-07-09T07:00:00,2026-07-12T23:59:59,2026-07-09T07:00:00
Giza,London,2026-07-09T07:00:00,2026-07-12T23:59:59,2026-07-09T07:00:00
Giza,Rome,2026-07-09T07:00:00,2026-07-12T23:59:59,2026-07-09T07:00:00
Glasgow,Rome,2026-07-09T07:00:00,2026-07-12T23:59:59,2026-07-09T07:00:00
Gran Canaria,Bucharest,2026-07-09T07:00:00,2026-07-12T23:59:59,2026-07-09T07:00:00
Gyumri,Larnaca,2026-07-09T07:00:00,2026-07-12T23:59:59,2026-07-09T07:00:00
Heraklion,Bucharest,2026-07-09T07:00:00,2026-07-12T23:59:59,2026-07-09T07:00:00
Heraklion,Budapest,2026-07-09T07:00:00,2026-07-12T23:59:59,2026-07-09T07:00:00
Heraklion,Cluj,2026-07-09T07:00:00,2026-07-12T23:59:59,2026-07-09T07:00:00
Heraklion,Gdansk,2026-07-09T07:00:00,2026-07-12T23:59:59,2026-07-09T07:00:00
Heraklion,Krakow,2026-07-09T07:00:00,2026-07-12T23:59:59,2026-07-09T07:00:00
Heraklion,Milan,2026-07-09T07:00:00,2026-07-12T23:59:59,2026-07-09T07:00:00
Heraklion,Rome,2026-07-09T07:00:00,2026-07-12T23:59:59,2026-07-09T07:00:00
Heraklion,Warsaw,2026-07-09T07:00:00,2026-07-12T23:59:59,2026-07-09T07:00:00
Hurghada,Budapest,2026-07-09T07:00:00,2026-07-12T23:59:59,2026-07-09T07:00:00
Iasi,Barcelona,2026-07-09T07:00:00,2026-07-12T23:59:59,2026-07-09T07:00:00
Iasi,Basel/Mulhouse,2026-07-09T07:00:00,2026-07-12T23:59:59,2026-07-09T07:00:00
Iasi,Bologna,2026-07-09T07:00:00,2026-07-12T23:59:59,2026-07-09T07:00:00
Iasi,Brussels,2026-07-09T07:00:00,2026-07-12T23:59:59,2026-07-09T07:00:00
Iasi,Dortmund,2026-07-09T07:00:00,2026-07-12T23:59:59,2026-07-09T07:00:00
Iasi,Eindhoven,2026-07-09T07:00:00,2026-07-12T23:59:59,2026-07-09T07:00:00
Iasi,Larnaca,2026-07-09T07:00:00,2026-07-12T23:59:59,2026-07-09T07:00:00
Iasi,Liverpool,2026-07-09T07:00:00,2026-07-12T23:59:59,2026-07-09T07:00:00
Iasi,Milan,2026-07-09T07:00:00,2026-07-12T23:59:59,2026-07-09T07:00:00
Iasi,Paris,2026-07-09T07:00:00,2026-07-12T23:59:59,2026-07-09T07:00:00
Iasi,Pisa,2026-07-09T07:00:00,2026-07-12T23:59:59,2026-07-09T07:00:00
Iasi,Prague,2026-07-09T07:00:00,2026-07-12T23:59:59,2026-07-09T07:00:00
Iasi,Rome,2026-07-09T07:00:00,2026-07-12T23:59:59,2026-07-09T07:00:00
Iasi,Turin,2026-07-09T07:00:00,2026-07-12T23:59:59,2026-07-09T07:00:00
Iasi,Valencia,2026-07-09T07:00:00,2026-07-12T23:59:59,2026-07-09T07:00:00
Iasi,Venice,2026-07-09T07:00:00,2026-07-12T23:59:59,2026-07-09T07:00:00
Ibiza,Rome,2026-07-09T07:00:00,2026-07-12T23:59:59,2026-07-09T07:00:00
Istanbul,Budapest,2026-07-09T07:00:00,2026-07-12T23:59:59,2026-07-09T07:00:00
Istanbul,London,2026-07-09T07:00:00,2026-07-12T23:59:59,2026-07-09T07:00:00
Kalamata,Budapest,2026-07-09T07:00:00,2026-07-12T23:59:59,2026-07-09T07:00:00
Karlsruhe/Baden-Baden,Timisoara,2026-07-09T07:00:00,2026-07-12T23:59:59,2026-07-09T07:00:00
Katowice,Barcelona,2026-07-09T07:00:00,2026-07-12T23:59:59,2026-07-09T07:00:00
Katowice,Billund,2026-07-09T07:00:00,2026-07-12T23:59:59,2026-07-09T07:00:00
Katowice,Brasov,2026-07-09T07:00:00,2026-07-12T23:59:59,2026-07-09T07:00:00
Katowice,Dortmund,2026-07-09T07:00:00,2026-07-12T23:59:59,2026-07-09T07:00:00
Katowice,London,2026-07-09T07:00:00,2026-07-12T23:59:59,2026-07-09T07:00:00
Katowice,Maastricht,2026-07-09T07:00:00,2026-07-12T23:59:59,2026-07-09T07:00:00
Katowice,Madrid,2026-07-09T07:00:00,2026-07-12T23:59:59,2026-07-09T07:00:00
Katowice,Malaga,2026-07-09T07:00:00,2026-07-12T23:59:59,2026-07-09T07:00:00
Katowice,Rijeka,2026-07-09T07:00:00,2026-07-12T23:59:59,2026-07-09T07:00:00
Katowice,Rome,2026-07-09T07:00:00,2026-07-12T23:59:59,2026-07-09T07:00:00
Kaunas,London,2026-07-09T07:00:00,2026-07-12T23:59:59,2026-07-09T07:00:00
Kefallinia,Bucharest,2026-07-09T07:00:00,2026-07-12T23:59:59,2026-07-09T07:00:00
Kefallinia,Budapest,2026-07-09T07:00:00,2026-07-12T23:59:59,2026-07-09T07:00:00
Kefallinia,Rome,2026-07-09T07:00:00,2026-07-12T23:59:59,2026-07-09T07:00:00
Kerkyra,Bucharest,2026-07-09T07:00:00,2026-07-12T23:59:59,2026-07-09T07:00:00
Kerkyra,Cluj,2026-07-09T07:00:00,2026-07-12T23:59:59,2026-07-09T07:00:00
Kerkyra,Katowice,2026-07-09T07:00:00,2026-07-12T23:59:59,2026-07-09T07:00:00
Kerkyra,London,2026-07-09T07:00:00,2026-07-12T23:59:59,2026-07-09T07:00:00
Kerkyra,Milan,2026-07-09T07:00:00,2026-07-12T23:59:59,2026-07-09T07:00:00
Kerkyra,Rome,2026-07-09T07:00:00,2026-07-12T23:59:59,2026-07-09T07:00:00
Kerkyra,Warsaw,2026-07-09T07:00:00,2026-07-12T23:59:59,2026-07-09T07:00:00
Klaipeda/Palanga,Oslo,2026-07-09T07:00:00,2026-07-12T23:59:59,2026-07-09T07:00:00
Kosice,Rome,2026-07-09T07:00:00,2026-07-12T23:59:59,2026-07-09T07:00:00
Krakow,Barcelona,2026-07-09T07:00:00,2026-07-12T23:59:59,2026-07-09T07:00:00
Krakow,London,2026-07-09T07:00:00,2026-07-12T23:59:59,2026-07-09T07:00:00
Krakow,Milan,2026-07-09T07:00:00,2026-07-12T23:59:59,2026-07-09T07:00:00
Krakow,Nice,2026-07-09T07:00:00,2026-07-12T23:59:59,2026-07-09T07:00:00
Krakow,Oslo,2026-07-09T07:00:00,2026-07-12T23:59:59,2026-07-09T07:00:00
Krakow,Rome,2026-07-09T07:00:00,2026-07-12T23:59:59,2026-07-09T07:00:00
Krakow,Sofia,2026-07-09T07:00:00,2026-07-12T23:59:59,2026-07-09T07:00:00
Krakow,Valencia,2026-07-09T07:00:00,2026-07-12T23:59:59,2026-07-09T07:00:00
Krakow,Venice,2026-07-09T07:00:00,2026-07-12T23:59:59,2026-07-09T07:00:00
Krakow,Vilnius,2026-07-09T07:00:00,2026-07-12T23:59:59,2026-07-09T07:00:00
Kutaisi,Brussels,2026-07-09T07:00:00,2026-07-12T23:59:59,2026-07-09T07:00:00
Kutaisi,Budapest,2026-07-09T07:00:00,2026-07-12T23:59:59,2026-07-09T07:00:00
Kutaisi,Larnaca,2026-07-09T07:00:00,2026-07-12T23:59:59,2026-07-09T07:00:00
Kutaisi,Lyon,2026-07-09T07:00:00,2026-07-12T23:59:59,2026-07-09T07:00:00
Kutaisi,Madrid,2026-07-09T07:00:00,2026-07-12T23:59:59,2026-07-09T07:00:00
Kutaisi,Milan,2026-07-09T07:00:00,2026-07-12T23:59:59,2026-07-09T07:00:00
Kutaisi,Paris,2026-07-09T07:00:00,2026-07-12T23:59:59,2026-07-09T07:00:00
Kutaisi,Prague,2026-07-09T07:00:00,2026-07-12T23:59:59,2026-07-09T07:00:00
Kutaisi,Rome,2026-07-09T07:00:00,2026-07-12T23:59:59,2026-07-09T07:00:00
Kutaisi,Thessaloniki,2026-07-09T07:00:00,2026-07-12T23:59:59,2026-07-09T07:00:00
Kutaisi,Venice,2026-07-09T07:00:00,2026-07-12T23:59:59,2026-07-09T07:00:00
Kutaisi,Warsaw,2026-07-09T07:00:00,2026-07-12T23:59:59,2026-07-09T07:00:00
Lamezia Terme,Bratislava,2026-07-09T07:00:00,2026-07-12T23:59:59,2026-07-09T07:00:00
Lamezia Terme,Budapest,2026-07-09T07:00:00,2026-07-12T23:59:59,2026-07-09T07:00:00
Lamezia Terme,Sofia,2026-07-09T07:00:00,2026-07-12T23:59:59,2026-07-09T07:00:00
Larnaca,Barcelona,2026-07-09T07:00:00,2026-07-12T23:59:59,2026-07-09T07:00:00
Larnaca,Belgrade,2026-07-09T07:00:00,2026-07-12T23:59:59,2026-07-09T07:00:00
Larnaca,Budapest,2026-07-09T07:00:00,2026-07-12T23:59:59,2026-07-09T07:00:00
Larnaca,London,2026-07-09T07:00:00,2026-07-12T23:59:59,2026-07-09T07:00:00
Larnaca,Radom,2026-07-09T07:00:00,2026-07-12T23:59:59,2026-07-09T07:00:00
Larnaca,Tel Aviv,2026-07-09T07:00:00,2026-07-12T23:59:59,2026-07-09T07:00:00
Larnaca,Timisoara,2026-07-09T07:00:00,2026-07-12T23:59:59,2026-07-09T07:00:00
Lisbon,Budapest,2026-07-09T07:00:00,2026-07-12T23:59:59,2026-07-09T07:00:00
Lisbon,Rome,2026-07-09T07:00:00,2026-07-12T23:59:59,2026-07-09T07:00:00
Ljubljana,Podgorica,2026-07-09T07:00:00,2026-07-12T23:59:59,2026-07-09T07:00:00
London,Alicante,2026-07-09T07:00:00,2026-07-12T23:59:59,2026-07-09T07:00:00
London,Antalya,2026-07-09T07:00:00,2026-07-12T23:59:59,2026-07-09T07:00:00
London,Athens,2026-07-09T07:00:00,2026-07-12T23:59:59,2026-07-09T07:00:00
London,Bilbao,2026-07-09T07:00:00,2026-07-12T23:59:59,2026-07-09T07:00:00
London,Chania,2026-07-09T07:00:00,2026-07-12T23:59:59,2026-07-09T07:00:00
London,Dalaman,2026-07-09T07:00:00,2026-07-12T23:59:59,2026-07-09T07:00:00
London,Faro,2026-07-09T07:00:00,2026-07-12T23:59:59,2026-07-09T07:00:00
London,Istanbul,2026-07-09T07:00:00,2026-07-12T23:59:59,2026-07-09T07:00:00
London,Lyon,2026-07-09T07:00:00,2026-07-12T23:59:59,2026-07-09T07:00:00
London,Madrid,2026-07-09T07:00:00,2026-07-12T23:59:59,2026-07-09T07:00:00
London,Malaga,2026-07-09T07:00:00,2026-07-12T23:59:59,2026-07-09T07:00:00
London,Palma De Mallorca,2026-07-09T07:00:00,2026-07-12T23:59:59,2026-07-09T07:00:00
London,Sevilla,2026-07-09T07:00:00,2026-07-12T23:59:59,2026-07-09T07:00:00
London,Suceava,2026-07-09T07:00:00,2026-07-12T23:59:59,2026-07-09T07:00:00
London,Tel Aviv,2026-07-09T07:00:00,2026-07-12T23:59:59,2026-07-09T07:00:00
London,Turin,2026-07-09T07:00:00,2026-07-12T23:59:59,2026-07-09T07:00:00
London,Zakinthos Island,2026-07-09T07:00:00,2026-07-12T23:59:59,2026-07-09T07:00:00
Lublin,Burgas,2026-07-09T07:00:00,2026-07-12T23:59:59,2026-07-09T07:00:00
Lublin,London,2026-07-09T07:00:00,2026-07-12T23:59:59,2026-07-09T07:00:00
Lublin,Rijeka,2026-07-09T07:00:00,2026-07-12T23:59:59,2026-07-09T07:00:00
Lublin,Split,2026-07-09T07:00:00,2026-07-12T23:59:59,2026-07-09T07:00:00
Madeira,Budapest,2026-07-09T07:00:00,2026-07-12T23:59:59,2026-07-09T07:00:00
Madeira,Warsaw,2026-07-09T07:00:00,2026-07-12T23:59:59,2026-07-09T07:00:00
Madrid,Belgrade,2026-07-09T07:00:00,2026-07-12T23:59:59,2026-07-09T07:00:00
Madrid,Budapest,2026-07-09T07:00:00,2026-07-12T23:59:59,2026-07-09T07:00:00
Madrid,Katowice,2026-07-09T07:00:00,2026-07-12T23:59:59,2026-07-09T07:00:00
Madrid,Rome,2026-07-09T07:00:00,2026-07-12T23:59:59,2026-07-09T07:00:00
Madrid,Sofia,2026-07-09T07:00:00,2026-07-12T23:59:59,2026-07-09T07:00:00
Madrid,Venice,2026-07-09T07:00:00,2026-07-12T23:59:59,2026-07-09T07:00:00
Madrid,Warsaw,2026-07-09T07:00:00,2026-07-12T23:59:59,2026-07-09T07:00:00
Malaga,Cluj,2026-07-09T07:00:00,2026-07-12T23:59:59,2026-07-09T07:00:00
Malaga,Katowice,2026-07-09T07:00:00,2026-07-12T23:59:59,2026-07-09T07:00:00
Malaga,London,2026-07-09T07:00:00,2026-07-12T23:59:59,2026-07-09T07:00:00
Malaga,Milan,2026-07-09T07:00:00,2026-07-12T23:59:59,2026-07-09T07:00:00
Malaga,Rome,2026-07-09T07:00:00,2026-07-12T23:59:59,2026-07-09T07:00:00
Malaga,Sofia,2026-07-09T07:00:00,2026-07-12T23:59:59,2026-07-09T07:00:00
Malaga,Venice,2026-07-09T07:00:00,2026-07-12T23:59:59,2026-07-09T07:00:00
Malaga,Warsaw,2026-07-09T07:00:00,2026-07-12T23:59:59,2026-07-09T07:00:00
Malmo,Tirana,2026-07-09T07:00:00,2026-07-12T23:59:59,2026-07-09T07:00:00
Malta,Bucharest,2026-07-09T07:00:00,2026-07-12T23:59:59,2026-07-09T07:00:00
Malta,Budapest,2026-07-09T07:00:00,2026-07-12T23:59:59,2026-07-09T07:00:00
Malta,Cluj,2026-07-09T07:00:00,2026-07-12T23:59:59,2026-07-09T07:00:00
Malta,Katowice,2026-07-09T07:00:00,2026-07-12T23:59:59,2026-07-09T07:00:00
Malta,Rome,2026-07-09T07:00:00,2026-07-12T23:59:59,2026-07-09T07:00:00
Malta,Skopje,2026-07-09T07:00:00,2026-07-12T23:59:59,2026-07-09T07:00:00
Malta,Warsaw,2026-07-09T07:00:00,2026-07-12T23:59:59,2026-07-09T07:00:00
Marrakech,Budapest,2026-07-09T07:00:00,2026-07-12T23:59:59,2026-07-09T07:00:00
Marrakech,Milan,2026-07-09T07:00:00,2026-07-12T23:59:59,2026-07-09T07:00:00
Memmingen,Brasov,2026-07-09T07:00:00,2026-07-12T23:59:59,2026-07-09T07:00:00
Memmingen,Catania,2026-07-09T07:00:00,2026-07-12T23:59:59,2026-07-09T07:00:00
Memmingen,Iasi,2026-07-09T07:00:00,2026-07-12T23:59:59,2026-07-09T07:00:00
Memmingen,Targu-Mures,2026-07-09T07:00:00,2026-07-12T23:59:59,2026-07-09T07:00:00
Menorca,Budapest,2026-07-09T07:00:00,2026-07-12T23:59:59,2026-07-09T07:00:00
Menorca,Rome,2026-07-09T07:00:00,2026-07-12T23:59:59,2026-07-09T07:00:00
Milan,Glasgow,2026-07-09T07:00:00,2026-07-12T23:59:59,2026-07-09T07:00:00
Milan,Kerkyra,2026-07-09T07:00:00,2026-07-12T23:59:59,2026-07-09T07:00:00
Milan,London,2026-07-09T07:00:00,2026-07-12T23:59:59,2026-07-09T07:00:00
Milan,Palma De Mallorca,2026-07-09T07:00:00,2026-07-12T23:59:59,2026-07-09T07:00:00
Milan,Skiathos,2026-07-09T07:00:00,2026-07-12T23:59:59,2026-07-09T07:00:00
Milan,Suceava,2026-07-09T07:00:00,2026-07-12T23:59:59,2026-07-09T07:00:00
Milan,Targu-Mures,2026-07-09T07:00:00,2026-07-12T23:59:59,2026-07-09T07:00:00
Milan,Varna,2026-07-09T07:00:00,2026-07-12T23:59:59,2026-07-09T07:00:00
Mykonos,Bratislava,2026-07-09T07:00:00,2026-07-12T23:59:59,2026-07-09T07:00:00
Mykonos,Bucharest,2026-07-09T07:00:00,2026-07-12T23:59:59,2026-07-09T07:00:00
Mykonos,London,2026-07-09T07:00:00,2026-07-12T23:59:59,2026-07-09T07:00:00
Mykonos,Rome,2026-07-09T07:00:00,2026-07-12T23:59:59,2026-07-09T07:00:00
Naples,Bratislava,2026-07-09T07:00:00,2026-07-12T23:59:59,2026-07-09T07:00:00
Naples,Craiova,2026-07-09T07:00:00,2026-07-12T23:59:59,2026-07-09T07:00:00
Naples,Palma De Mallorca,2026-07-09T07:00:00,2026-07-12T23:59:59,2026-07-09T07:00:00
Naples,Skopje,2026-07-09T07:00:00,2026-07-12T23:59:59,2026-07-09T07:00:00
Naples,Sofia,2026-07-09T07:00:00,2026-07-12T23:59:59,2026-07-09T07:00:00
Naples,Tel Aviv,2026-07-09T07:00:00,2026-07-12T23:59:59,2026-07-09T07:00:00
Nice,Bratislava,2026-07-09T07:00:00,2026-07-12T23:59:59,2026-07-09T07:00:00
Nis,Basel/Mulhouse,2026-07-09T07:00:00,2026-07-12T23:59:59,2026-07-09T07:00:00
Nis,Dortmund,2026-07-09T07:00:00,2026-07-12T23:59:59,2026-07-09T07:00:00
Nis,Memmingen,2026-07-09T07:00:00,2026-07-12T23:59:59,2026-07-09T07:00:00
Nuremberg,Brasov,2026-07-09T07:00:00,2026-07-12T23:59:59,2026-07-09T07:00:00
Ohrid,Basel/Mulhouse,2026-07-09T07:00:00,2026-07-12T23:59:59,2026-07-09T07:00:00
Ohrid,Bratislava,2026-07-09T07:00:00,2026-07-12T23:59:59,2026-07-09T07:00:00
Ohrid,Katowice,2026-07-09T07:00:00,2026-07-12T23:59:59,2026-07-09T07:00:00
Ohrid,Memmingen,2026-07-09T07:00:00,2026-07-12T23:59:59,2026-07-09T07:00:00
Ohrid,Milan,2026-07-09T07:00:00,2026-07-12T23:59:59,2026-07-09T07:00:00
Olbia,Warsaw,2026-07-09T07:00:00,2026-07-12T23:59:59,2026-07-09T07:00:00
Oradea,Dortmund,2026-07-09T07:00:00,2026-07-12T23:59:59,2026-07-09T07:00:00
Oradea,Milan,2026-07-09T07:00:00,2026-07-12T23:59:59,2026-07-09T07:00:00
Oslo,Bratislava,2026-07-09T07:00:00,2026-07-12T23:59:59,2026-07-09T07:00:00
Oslo,Tirana,2026-07-09T07:00:00,2026-07-12T23:59:59,2026-07-09T07:00:00
Palermo,Belgrade,2026-07-09T07:00:00,2026-07-12T23:59:59,2026-07-09T07:00:00
Palermo,Bratislava,2026-07-09T07:00:00,2026-07-12T23:59:59,2026-07-09T07:00:00
Palermo,Sofia,2026-07-09T07:00:00,2026-07-12T23:59:59,2026-07-09T07:00:00
Palma De Mallorca,Budapest,2026-07-09T07:00:00,2026-07-12T23:59:59,2026-07-09T07:00:00
Palma De Mallorca,Cluj,2026-07-09T07:00:00,2026-07-12T23:59:59,2026-07-09T07:00:00
Palma De Mallorca,Gdansk,2026-07-09T07:00:00,2026-07-12T23:59:59,2026-07-09T07:00:00
Palma De Mallorca,London,2026-07-09T07:00:00,2026-07-12T23:59:59,2026-07-09T07:00:00
Palma De Mallorca,Milan,2026-07-09T07:00:00,2026-07-12T23:59:59,2026-07-09T07:00:00
Palma De Mallorca,Naples,2026-07-09T07:00:00,2026-07-12T23:59:59,2026-07-09T07:00:00
Palma De Mallorca,Rome,2026-07-09T07:00:00,2026-07-12T23:59:59,2026-07-09T07:00:00
Palma De Mallorca,Sofia,2026-07-09T07:00:00,2026-07-12T23:59:59,2026-07-09T07:00:00
Palma De Mallorca,Tirana,2026-07-09T07:00:00,2026-07-12T23:59:59,2026-07-09T07:00:00
Palma De Mallorca,Warsaw,2026-07-09T07:00:00,2026-07-12T23:59:59,2026-07-09T07:00:00
Paris,Timisoara,2026-07-09T07:00:00,2026-07-12T23:59:59,2026-07-09T07:00:00
Pescara,Tirana,2026-07-09T07:00:00,2026-07-12T23:59:59,2026-07-09T07:00:00
Pisa,Belgrade,2026-07-09T07:00:00,2026-07-12T23:59:59,2026-07-09T07:00:00
Plovdiv,Bratislava,2026-07-09T07:00:00,2026-07-12T23:59:59,2026-07-09T07:00:00
Plovdiv,London,2026-07-09T07:00:00,2026-07-12T23:59:59,2026-07-09T07:00:00
Podgorica,Basel/Mulhouse,2026-07-09T07:00:00,2026-07-12T23:59:59,2026-07-09T07:00:00
Podgorica,Bratislava,2026-07-09T07:00:00,2026-07-12T23:59:59,2026-07-09T07:00:00
Podgorica,Budapest,2026-07-09T07:00:00,2026-07-12T23:59:59,2026-07-09T07:00:00
Podgorica,Catania,2026-07-09T07:00:00,2026-07-12T23:59:59,2026-07-09T07:00:00
Podgorica,Cologne/Bonn,2026-07-09T07:00:00,2026-07-12T23:59:59,2026-07-09T07:00:00
Podgorica,Dortmund,2026-07-09T07:00:00,2026-07-12T23:59:59,2026-07-09T07:00:00
Podgorica,Gdansk,2026-07-09T07:00:00,2026-07-12T23:59:59,2026-07-09T07:00:00
Podgorica,Hamburg,2026-07-09T07:00:00,2026-07-12T23:59:59,2026-07-09T07:00:00
Podgorica,Karlsruhe/Baden-Baden,2026-07-09T07:00:00,2026-07-12T23:59:59,2026-07-09T07:00:00
Podgorica,Katowice,2026-07-09T07:00:00,2026-07-12T23:59:59,2026-07-09T07:00:00
Podgorica,Ljubljana,2026-07-09T07:00:00,2026-07-12T23:59:59,2026-07-09T07:00:00
Podgorica,London,2026-07-09T07:00:00,2026-07-12T23:59:59,2026-07-09T07:00:00
Podgorica,Maastricht,2026-07-09T07:00:00,2026-07-12T23:59:59,2026-07-09T07:00:00
Podgorica,Malmo,2026-07-09T07:00:00,2026-07-12T23:59:59,2026-07-09T07:00:00
Podgorica,Memmingen,2026-07-09T07:00:00,2026-07-12T23:59:59,2026-07-09T07:00:00
Podgorica,Milan,2026-07-09T07:00:00,2026-07-12T23:59:59,2026-07-09T07:00:00
Podgorica,Paris,2026-07-09T07:00:00,2026-07-12T23:59:59,2026-07-09T07:00:00
Podgorica,Rome,2026-07-09T07:00:00,2026-07-12T23:59:59,2026-07-09T07:00:00
Podgorica,Rzeszow,2026-07-09T07:00:00,2026-07-12T23:59:59,2026-07-09T07:00:00
Podgorica,Vilnius,2026-07-09T07:00:00,2026-07-12T23:59:59,2026-07-09T07:00:00
Podgorica,Warsaw,2026-07-09T07:00:00,2026-07-12T23:59:59,2026-07-09T07:00:00
Podgorica,Wroclaw,2026-07-09T07:00:00,2026-07-12T23:59:59,2026-07-09T07:00:00
Poprad/Tatry,London,2026-07-09T07:00:00,2026-07-12T23:59:59,2026-07-09T07:00:00
Porto,Rome,2026-07-09T07:00:00,2026-07-12T23:59:59,2026-07-09T07:00:00
Porto,Warsaw,2026-07-09T07:00:00,2026-07-12T23:59:59,2026-07-09T07:00:00
Poznan,Kutaisi,2026-07-09T07:00:00,2026-07-12T23:59:59,2026-07-09T07:00:00
Poznan,London,2026-07-09T07:00:00,2026-07-12T23:59:59,2026-07-09T07:00:00
Prague,London,2026-07-09T07:00:00,2026-07-12T23:59:59,2026-07-09T07:00:00
Prague,Sofia,2026-07-09T07:00:00,2026-07-12T23:59:59,2026-07-09T07:00:00
Prague,Timisoara,2026-07-09T07:00:00,2026-07-12T23:59:59,2026-07-09T07:00:00
Pristina,Bratislava,2026-07-09T07:00:00,2026-07-12T23:59:59,2026-07-09T07:00:00
Pristina,Dortmund,2026-07-09T07:00:00,2026-07-12T23:59:59,2026-07-09T07:00:00
Pristina,London,2026-07-09T07:00:00,2026-07-12T23:59:59,2026-07-09T07:00:00
Pristina,Memmingen,2026-07-09T07:00:00,2026-07-12T23:59:59,2026-07-09T07:00:00
Pristina,Milan,2026-07-09T07:00:00,2026-07-12T23:59:59,2026-07-09T07:00:00
Reykjavik,Budapest,2026-07-09T07:00:00,2026-07-12T23:59:59,2026-07-09T07:00:00
Rhodes,Budapest,2026-07-09T07:00:00,2026-07-12T23:59:59,2026-07-09T07:00:00
Rhodes,Chisinau,2026-07-09T07:00:00,2026-07-12T23:59:59,2026-07-09T07:00:00
Rhodes,Krakow,2026-07-09T07:00:00,2026-07-12T23:59:59,2026-07-09T07:00:00
Rhodes,Rome,2026-07-09T07:00:00,2026-07-12T23:59:59,2026-07-09T07:00:00
Rhodes,Sofia,2026-07-09T07:00:00,2026-07-12T23:59:59,2026-07-09T07:00:00
Rhodes,Warsaw,2026-07-09T07:00:00,2026-07-12T23:59:59,2026-07-09T07:00:00
Rijeka,Katowice,2026-07-09T07:00:00,2026-07-12T23:59:59,2026-07-09T07:00:00
Rijeka,Lublin,2026-07-09T07:00:00,2026-07-12T23:59:59,2026-07-09T07:00:00
Rimini,Budapest,2026-07-09T07:00:00,2026-07-12T23:59:59,2026-07-09T07:00:00
Rimini,Chisinau,2026-07-09T07:00:00,2026-07-12T23:59:59,2026-07-09T07:00:00
Rimini,Katowice,2026-07-09T07:00:00,2026-07-12T23:59:59,2026-07-09T07:00:00
Rimini,Sofia,2026-07-09T07:00:00,2026-07-12T23:59:59,2026-07-09T07:00:00
Rimini,Warsaw,2026-07-09T07:00:00,2026-07-12T23:59:59,2026-07-09T07:00:00
Rome,Bacau,2026-07-09T07:00:00,2026-07-12T23:59:59,2026-07-09T07:00:00
Rome,Birmingham,2026-07-09T07:00:00,2026-07-12T23:59:59,2026-07-09T07:00:00
Rome,Bordeaux,2026-07-09T07:00:00,2026-07-12T23:59:59,2026-07-09T07:00:00
Rome,Bratislava,2026-07-09T07:00:00,2026-07-12T23:59:59,2026-07-09T07:00:00
Rome,Chania,2026-07-09T07:00:00,2026-07-12T23:59:59,2026-07-09T07:00:00
Rome,Glasgow,2026-07-09T07:00:00,2026-07-12T23:59:59,2026-07-09T07:00:00
Rome,Iasi,2026-07-09T07:00:00,2026-07-12T23:59:59,2026-07-09T07:00:00
Rome,Ibiza,2026-07-09T07:00:00,2026-07-12T23:59:59,2026-07-09T07:00:00
Rome,Katowice,2026-07-09T07:00:00,2026-07-12T23:59:59,2026-07-09T07:00:00
Rome,Kefallinia,2026-07-09T07:00:00,2026-07-12T23:59:59,2026-07-09T07:00:00
Rome,Kerkyra,2026-07-09T07:00:00,2026-07-12T23:59:59,2026-07-09T07:00:00
Rome,Kosice,2026-07-09T07:00:00,2026-07-12T23:59:59,2026-07-09T07:00:00
Rome,Larnaca,2026-07-09T07:00:00,2026-07-12T23:59:59,2026-07-09T07:00:00
Rome,London,2026-07-09T07:00:00,2026-07-12T23:59:59,2026-07-09T07:00:00
Rome,Malaga,2026-07-09T07:00:00,2026-07-12T23:59:59,2026-07-09T07:00:00
Rome,Nice,2026-07-09T07:00:00,2026-07-12T23:59:59,2026-07-09T07:00:00
Rome,Oslo,2026-07-09T07:00:00,2026-07-12T23:59:59,2026-07-09T07:00:00
Rome,Palma De Mallorca,2026-07-09T07:00:00,2026-07-12T23:59:59,2026-07-09T07:00:00
Rome,Rhodes,2026-07-09T07:00:00,2026-07-12T23:59:59,2026-07-09T07:00:00
Rome,Sevilla,2026-07-09T07:00:00,2026-07-12T23:59:59,2026-07-09T07:00:00
Rome,Skiathos,2026-07-09T07:00:00,2026-07-12T23:59:59,2026-07-09T07:00:00
Rome,Sofia,2026-07-09T07:00:00,2026-07-12T23:59:59,2026-07-09T07:00:00
Rome,Tel Aviv,2026-07-09T07:00:00,2026-07-12T23:59:59,2026-07-09T07:00:00
Rome,Warsaw,2026-07-09T07:00:00,2026-07-12T23:59:59,2026-07-09T07:00:00
Rome,Zakinthos Island,2026-07-09T07:00:00,2026-07-12T23:59:59,2026-07-09T07:00:00
Rome,Zaragoza,2026-07-09T07:00:00,2026-07-12T23:59:59,2026-07-09T07:00:00
Rzeszow,Rome,2026-07-09T07:00:00,2026-07-12T23:59:59,2026-07-09T07:00:00
Santander,Sofia,2026-07-09T07:00:00,2026-07-12T23:59:59,2026-07-09T07:00:00
Santorini,Bucharest,2026-07-09T07:00:00,2026-07-12T23:59:59,2026-07-09T07:00:00
Santorini,Budapest,2026-07-09T07:00:00,2026-07-12T23:59:59,2026-07-09T07:00:00
Santorini,Rome,2026-07-09T07:00:00,2026-07-12T23:59:59,2026-07-09T07:00:00
Sarajevo,London,2026-07-09T07:00:00,2026-07-12T23:59:59,2026-07-09T07:00:00
Sarajevo,Rome,2026-07-09T07:00:00,2026-07-12T23:59:59,2026-07-09T07:00:00
Satu Mare,London,2026-07-09T07:00:00,2026-07-12T23:59:59,2026-07-09T07:00:00
Sevilla,Bucharest,2026-07-09T07:00:00,2026-07-12T23:59:59,2026-07-09T07:00:00
Sevilla,London,2026-07-09T07:00:00,2026-07-12T23:59:59,2026-07-09T07:00:00
Sevilla,Milan,2026-07-09T07:00:00,2026-07-12T23:59:59,2026-07-09T07:00:00
Sevilla,Rome,2026-07-09T07:00:00,2026-07-12T23:59:59,2026-07-09T07:00:00
Sevilla,Venice,2026-07-09T07:00:00,2026-07-12T23:59:59,2026-07-09T07:00:00
Sharm el-Sheikh,Milan,2026-07-09T07:00:00,2026-07-12T23:59:59,2026-07-09T07:00:00
Sharm el-Sheikh,Naples,2026-07-09T07:00:00,2026-07-12T23:59:59,2026-07-09T07:00:00
Sharm el-Sheikh,Rome,2026-07-09T07:00:00,2026-07-12T23:59:59,2026-07-09T07:00:00
Sharm el-Sheikh,Venice,2026-07-09T07:00:00,2026-07-12T23:59:59,2026-07-09T07:00:00
Sibiu,Rome,2026-07-09T07:00:00,2026-07-12T23:59:59,2026-07-09T07:00:00
Skiathos,Milan,2026-07-09T07:00:00,2026-07-12T23:59:59,2026-07-09T07:00:00
Skiathos,Rome,2026-07-09T07:00:00,2026-07-12T23:59:59,2026-07-09T07:00:00
Skopje,Barcelona,2026-07-09T07:00:00,2026-07-12T23:59:59,2026-07-09T07:00:00
Skopje,Bari,2026-07-09T07:00:00,2026-07-12T23:59:59,2026-07-09T07:00:00
Skopje,Basel/Mulhouse,2026-07-09T07:00:00,2026-07-12T23:59:59,2026-07-09T07:00:00
Skopje,Berlin,2026-07-09T07:00:00,2026-07-12T23:59:59,2026-07-09T07:00:00
Skopje,Bologna,2026-07-09T07:00:00,2026-07-12T23:59:59,2026-07-09T07:00:00
Skopje,Bratislava,2026-07-09T07:00:00,2026-07-12T23:59:59,2026-07-09T07:00:00
Skopje,Brussels,2026-07-09T07:00:00,2026-07-12T23:59:59,2026-07-09T07:00:00
Skopje,Budapest,2026-07-09T07:00:00,2026-07-12T23:59:59,2026-07-09T07:00:00
Skopje,Cologne/Bonn,2026-07-09T07:00:00,2026-07-12T23:59:59,2026-07-09T07:00:00
Skopje,Dortmund,2026-07-09T07:00:00,2026-07-12T23:59:59,2026-07-09T07:00:00
Skopje,Eindhoven,2026-07-09T07:00:00,2026-07-12T23:59:59,2026-07-09T07:00:00
Skopje,Frankfurt,2026-07-09T07:00:00,2026-07-12T23:59:59,2026-07-09T07:00:00
Skopje,Friedrichshafen,2026-07-09T07:00:00,2026-07-12T23:59:59,2026-07-09T07:00:00
Skopje,Gothenburg,2026-07-09T07:00:00,2026-07-12T23:59:59,2026-07-09T07:00:00
Skopje,Hamburg,2026-07-09T07:00:00,2026-07-12T23:59:59,2026-07-09T07:00:00
Skopje,Karlsruhe/Baden-Baden,2026-07-09T07:00:00,2026-07-12T23:59:59,2026-07-09T07:00:00
Skopje,Ljubljana,2026-07-09T07:00:00,2026-07-12T23:59:59,2026-07-09T07:00:00
Skopje,London,2026-07-09T07:00:00,2026-07-12T23:59:59,2026-07-09T07:00:00
Skopje,Madrid,2026-07-09T07:00:00,2026-07-12T23:59:59,2026-07-09T07:00:00
Skopje,Malmo,2026-07-09T07:00:00,2026-07-12T23:59:59,2026-07-09T07:00:00
Skopje,Memmingen,2026-07-09T07:00:00,2026-07-12T23:59:59,2026-07-09T07:00:00
Skopje,Milan,2026-07-09T07:00:00,2026-07-12T23:59:59,2026-07-09T07:00:00
Skopje,Naples,2026-07-09T07:00:00,2026-07-12T23:59:59,2026-07-09T07:00:00
Skopje,Nuremberg,2026-07-09T07:00:00,2026-07-12T23:59:59,2026-07-09T07:00:00
Skopje,Oslo,2026-07-09T07:00:00,2026-07-12T23:59:59,2026-07-09T07:00:00
Skopje,Paris,2026-07-09T07:00:00,2026-07-12T23:59:59,2026-07-09T07:00:00
Skopje,Prague,2026-07-09T07:00:00,2026-07-12T23:59:59,2026-07-09T07:00:00
Skopje,Rome,2026-07-09T07:00:00,2026-07-12T23:59:59,2026-07-09T07:00:00
Skopje,Stockholm,2026-07-09T07:00:00,2026-07-12T23:59:59,2026-07-09T07:00:00
Skopje,Stuttgart,2026-07-09T07:00:00,2026-07-12T23:59:59,2026-07-09T07:00:00
Sofia,Alghero,2026-07-09T07:00:00,2026-07-12T23:59:59,2026-07-09T07:00:00
Sofia,Barcelona,2026-07-09T07:00:00,2026-07-12T23:59:59,2026-07-09T07:00:00
Sofia,Bari,2026-07-09T07:00:00,2026-07-12T23:59:59,2026-07-09T07:00:00
Sofia,Basel/Mulhouse,2026-07-09T07:00:00,2026-07-12T23:59:59,2026-07-09T07:00:00
Sofia,Brussels,2026-07-09T07:00:00,2026-07-12T23:59:59,2026-07-09T07:00:00
Sofia,Budapest,2026-07-09T07:00:00,2026-07-12T23:59:59,2026-07-09T07:00:00
Sofia,Chisinau,2026-07-09T07:00:00,2026-07-12T23:59:59,2026-07-09T07:00:00
Sofia,Dortmund,2026-07-09T07:00:00,2026-07-12T23:59:59,2026-07-09T07:00:00
Sofia,Eindhoven,2026-07-09T07:00:00,2026-07-12T23:59:59,2026-07-09T07:00:00
Sofia,Hamburg,2026-07-09T07:00:00,2026-07-12T23:59:59,2026-07-09T07:00:00
Sofia,Krakow,2026-07-09T07:00:00,2026-07-12T23:59:59,2026-07-09T07:00:00
Sofia,Lamezia Terme,2026-07-09T07:00:00,2026-07-12T23:59:59,2026-07-09T07:00:00
Sofia,London,2026-07-09T07:00:00,2026-07-12T23:59:59,2026-07-09T07:00:00
Sofia,Madrid,2026-07-09T07:00:00,2026-07-12T23:59:59,2026-07-09T07:00:00
Sofia,Malaga,2026-07-09T07:00:00,2026-07-12T23:59:59,2026-07-09T07:00:00
Sofia,Memmingen,2026-07-09T07:00:00,2026-07-12T23:59:59,2026-07-09T07:00:00
Sofia,Milan,2026-07-09T07:00:00,2026-07-12T23:59:59,2026-07-09T07:00:00
Sofia,Naples,2026-07-09T07:00:00,2026-07-12T23:59:59,2026-07-09T07:00:00
Sofia,Nice,2026-07-09T07:00:00,2026-07-12T23:59:59,2026-07-09T07:00:00
Sofia,Palermo,2026-07-09T07:00:00,2026-07-12T23:59:59,2026-07-09T07:00:00
Sofia,Palma De Mallorca,2026-07-09T07:00:00,2026-07-12T23:59:59,2026-07-09T07:00:00
Sofia,Paris,2026-07-09T07:00:00,2026-07-12T23:59:59,2026-07-09T07:00:00
Sofia,Prague,2026-07-09T07:00:00,2026-07-12T23:59:59,2026-07-09T07:00:00
Sofia,Rhodes,2026-07-09T07:00:00,2026-07-12T23:59:59,2026-07-09T07:00:00
Sofia,Rimini,2026-07-09T07:00:00,2026-07-12T23:59:59,2026-07-09T07:00:00
Sofia,Rome,2026-07-09T07:00:00,2026-07-12T23:59:59,2026-07-09T07:00:00
Sofia,Santander,2026-07-09T07:00:00,2026-07-12T23:59:59,2026-07-09T07:00:00
Sofia,Stuttgart,2026-07-09T07:00:00,2026-07-12T23:59:59,2026-07-09T07:00:00
Sofia,Tel Aviv,2026-07-09T07:00:00,2026-07-12T23:59:59,2026-07-09T07:00:00
Sofia,Tirana,2026-07-09T07:00:00,2026-07-12T23:59:59,2026-07-09T07:00:00
Sofia,Warsaw,2026-07-09T07:00:00,2026-07-12T23:59:59,2026-07-09T07:00:00
Split,Gdansk,2026-07-09T07:00:00,2026-07-12T23:59:59,2026-07-09T07:00:00
Split,Katowice,2026-07-09T07:00:00,2026-07-12T23:59:59,2026-07-09T07:00:00
Split,Krakow,2026-07-09T07:00:00,2026-07-12T23:59:59,2026-07-09T07:00:00
Split,London,2026-07-09T07:00:00,2026-07-12T23:59:59,2026-07-09T07:00:00
Split,Lublin,2026-07-09T07:00:00,2026-07-12T23:59:59,2026-07-09T07:00:00
Split,Wroclaw,2026-07-09T07:00:00,2026-07-12T23:59:59,2026-07-09T07:00:00
Stockholm,Warsaw,2026-07-09T07:00:00,2026-07-12T23:59:59,2026-07-09T07:00:00
Suceava,Birmingham,2026-07-09T07:00:00,2026-07-12T23:59:59,2026-07-09T07:00:00
Suceava,Bologna,2026-07-09T07:00:00,2026-07-12T23:59:59,2026-07-09T07:00:00
Suceava,Dortmund,2026-07-09T07:00:00,2026-07-12T23:59:59,2026-07-09T07:00:00
Suceava,Karlsruhe/Baden-Baden,2026-07-09T07:00:00,2026-07-12T23:59:59,2026-07-09T07:00:00
Suceava,London,2026-07-09T07:00:00,2026-07-12T23:59:59,2026-07-09T07:00:00
Suceava,Memmingen,2026-07-09T07:00:00,2026-07-12T23:59:59,2026-07-09T07:00:00
Suceava,Rome,2026-07-09T07:00:00,2026-07-12T23:59:59,2026-07-09T07:00:00
Suceava,Venice,2026-07-09T07:00:00,2026-07-12T23:59:59,2026-07-09T07:00:00
Szczecin,Bergen,2026-07-09T07:00:00,2026-07-12T23:59:59,2026-07-09T07:00:00
Tallinn,London,2026-07-09T07:00:00,2026-07-12T23:59:59,2026-07-09T07:00:00
Tallinn,Vilnius,2026-07-09T07:00:00,2026-07-12T23:59:59,2026-07-09T07:00:00
Targu-Mures,Basel/Mulhouse,2026-07-09T07:00:00,2026-07-12T23:59:59,2026-07-09T07:00:00
Targu-Mures,Budapest,2026-07-09T07:00:00,2026-07-12T23:59:59,2026-07-09T07:00:00
Targu-Mures,London,2026-07-09T07:00:00,2026-07-12T23:59:59,2026-07-09T07:00:00
Targu-Mures,Milan,2026-07-09T07:00:00,2026-07-12T23:59:59,2026-07-09T07:00:00
Targu-Mures,Paris,2026-07-09T07:00:00,2026-07-12T23:59:59,2026-07-09T07:00:00
Targu-Mures,Rome,2026-07-09T07:00:00,2026-07-12T23:59:59,2026-07-09T07:00:00
Tel Aviv,Budapest,2026-07-09T07:00:00,2026-07-12T23:59:59,2026-07-09T07:00:00
Tel Aviv,Krakow,2026-07-09T07:00:00,2026-07-12T23:59:59,2026-07-09T07:00:00
Tel Aviv,Larnaca,2026-07-09T07:00:00,2026-07-12T23:59:59,2026-07-09T07:00:00
Tel Aviv,London,2026-07-09T07:00:00,2026-07-12T23:59:59,2026-07-09T07:00:00
Tel Aviv,Milan,2026-07-09T07:00:00,2026-07-12T23:59:59,2026-07-09T07:00:00
Tel Aviv,Rome,2026-07-09T07:00:00,2026-07-12T23:59:59,2026-07-09T07:00:00
Tel Aviv,Sofia,2026-07-09T07:00:00,2026-07-12T23:59:59,2026-07-09T07:00:00
Tenerife,Budapest,2026-07-09T07:00:00,2026-07-12T23:59:59,2026-07-09T07:00:00
Tenerife,Katowice,2026-07-09T07:00:00,2026-07-12T23:59:59,2026-07-09T07:00:00
Tenerife,Rome,2026-07-09T07:00:00,2026-07-12T23:59:59,2026-07-09T07:00:00
Thessaloniki,Budapest,2026-07-09T07:00:00,2026-07-12T23:59:59,2026-07-09T07:00:00
Thessaloniki,Larnaca,2026-07-09T07:00:00,2026-07-12T23:59:59,2026-07-09T07:00:00
Timisoara,Basel/Mulhouse,2026-07-09T07:00:00,2026-07-12T23:59:59,2026-07-09T07:00:00
Timisoara,Brussels,2026-07-09T07:00:00,2026-07-12T23:59:59,2026-07-09T07:00:00
Timisoara,London,2026-07-09T07:00:00,2026-07-12T23:59:59,2026-07-09T07:00:00
Timisoara,Madrid,2026-07-09T07:00:00,2026-07-12T23:59:59,2026-07-09T07:00:00
Timisoara,Prague,2026-07-09T07:00:00,2026-07-12T23:59:59,2026-07-09T07:00:00
Tirana,Barcelona,2026-07-09T07:00:00,2026-07-12T23:59:59,2026-07-09T07:00:00
Tirana,Basel/Mulhouse,2026-07-09T07:00:00,2026-07-12T23:59:59,2026-07-09T07:00:00
Tirana,Berlin,2026-07-09T07:00:00,2026-07-12T23:59:59,2026-07-09T07:00:00
Tirana,Billund,2026-07-09T07:00:00,2026-07-12T23:59:59,2026-07-09T07:00:00
Tirana,Bologna,2026-07-09T07:00:00,2026-07-12T23:59:59,2026-07-09T07:00:00
Tirana,Bratislava,2026-07-09T07:00:00,2026-07-12T23:59:59,2026-07-09T07:00:00
Tirana,Brussels,2026-07-09T07:00:00,2026-07-12T23:59:59,2026-07-09T07:00:00
Tirana,Budapest,2026-07-09T07:00:00,2026-07-12T23:59:59,2026-07-09T07:00:00
Tirana,Catania,2026-07-09T07:00:00,2026-07-12T23:59:59,2026-07-09T07:00:00
Tirana,Cologne/Bonn,2026-07-09T07:00:00,2026-07-12T23:59:59,2026-07-09T07:00:00
Tirana,Comiso,2026-07-09T07:00:00,2026-07-12T23:59:59,2026-07-09T07:00:00
Tirana,Dortmund,2026-07-09T07:00:00,2026-07-12T23:59:59,2026-07-09T07:00:00
Tirana,Eindhoven,2026-07-09T07:00:00,2026-07-12T23:59:59,2026-07-09T07:00:00
Tirana,Frankfurt,2026-07-09T07:00:00,2026-07-12T23:59:59,2026-07-09T07:00:00
Tirana,Gdansk,2026-07-09T07:00:00,2026-07-12T23:59:59,2026-07-09T07:00:00
Tirana,Genoa,2026-07-09T07:00:00,2026-07-12T23:59:59,2026-07-09T07:00:00
Tirana,Hamburg,2026-07-09T07:00:00,2026-07-12T23:59:59,2026-07-09T07:00:00
Tirana,Karlsruhe/Baden-Baden,2026-07-09T07:00:00,2026-07-12T23:59:59,2026-07-09T07:00:00
Tirana,Katowice,2026-07-09T07:00:00,2026-07-12T23:59:59,2026-07-09T07:00:00
Tirana,Krakow,2026-07-09T07:00:00,2026-07-12T23:59:59,2026-07-09T07:00:00
Tirana,London,2026-07-09T07:00:00,2026-07-12T23:59:59,2026-07-09T07:00:00
Tirana,Lyon,2026-07-09T07:00:00,2026-07-12T23:59:59,2026-07-09T07:00:00
Tirana,Madrid,2026-07-09T07:00:00,2026-07-12T23:59:59,2026-07-09T07:00:00
Tirana,Malaga,2026-07-09T07:00:00,2026-07-12T23:59:59,2026-07-09T07:00:00
Tirana,Malmo,2026-07-09T07:00:00,2026-07-12T23:59:59,2026-07-09T07:00:00
Tirana,Malta,2026-07-09T07:00:00,2026-07-12T23:59:59,2026-07-09T07:00:00
Tirana,Memmingen,2026-07-09T07:00:00,2026-07-12T23:59:59,2026-07-09T07:00:00
Tirana,Milan,2026-07-09T07:00:00,2026-07-12T23:59:59,2026-07-09T07:00:00
Tirana,Nice,2026-07-09T07:00:00,2026-07-12T23:59:59,2026-07-09T07:00:00
Tirana,Nuremberg,2026-07-09T07:00:00,2026-07-12T23:59:59,2026-07-09T07:00:00
Tirana,Oslo,2026-07-09T07:00:00,2026-07-12T23:59:59,2026-07-09T07:00:00
Tirana,Palma De Mallorca,2026-07-09T07:00:00,2026-07-12T23:59:59,2026-07-09T07:00:00
Tirana,Paris,2026-07-09T07:00:00,2026-07-12T23:59:59,2026-07-09T07:00:00
Tirana,Perugia,2026-07-09T07:00:00,2026-07-12T23:59:59,2026-07-09T07:00:00
Tirana,Pescara,2026-07-09T07:00:00,2026-07-12T23:59:59,2026-07-09T07:00:00
Tirana,Pisa,2026-07-09T07:00:00,2026-07-12T23:59:59,2026-07-09T07:00:00
Tirana,Poznan,2026-07-09T07:00:00,2026-07-12T23:59:59,2026-07-09T07:00:00
Tirana,Prague,2026-07-09T07:00:00,2026-07-12T23:59:59,2026-07-09T07:00:00
Tirana,Rome,2026-07-09T07:00:00,2026-07-12T23:59:59,2026-07-09T07:00:00
Tirana,Sofia,2026-07-09T07:00:00,2026-07-12T23:59:59,2026-07-09T07:00:00
Tirana,Stuttgart,2026-07-09T07:00:00,2026-07-12T23:59:59,2026-07-09T07:00:00
Tirana,Tallinn,2026-07-09T07:00:00,2026-07-12T23:59:59,2026-07-09T07:00:00
Tirana,Trieste,2026-07-09T07:00:00,2026-07-12T23:59:59,2026-07-09T07:00:00
Tirana,Turin,2026-07-09T07:00:00,2026-07-12T23:59:59,2026-07-09T07:00:00
Tirana,Valencia,2026-07-09T07:00:00,2026-07-12T23:59:59,2026-07-09T07:00:00
Tirana,Venice,2026-07-09T07:00:00,2026-07-12T23:59:59,2026-07-09T07:00:00
Tirana,Verona,2026-07-09T07:00:00,2026-07-12T23:59:59,2026-07-09T07:00:00
Tirana,Vilnius,2026-07-09T07:00:00,2026-07-12T23:59:59,2026-07-09T07:00:00
Tirana,Warsaw,2026-07-09T07:00:00,2026-07-12T23:59:59,2026-07-09T07:00:00
Tirana,Wroclaw,2026-07-09T07:00:00,2026-07-12T23:59:59,2026-07-09T07:00:00
Tromso,Gdansk,2026-07-09T07:00:00,2026-07-12T23:59:59,2026-07-09T07:00:00
Turin,London,2026-07-09T07:00:00,2026-07-12T23:59:59,2026-07-09T07:00:00
Turku,Vilnius,2026-07-09T07:00:00,2026-07-12T23:59:59,2026-07-09T07:00:00
Tuzla,Basel/Mulhouse,2026-07-09T07:00:00,2026-07-12T23:59:59,2026-07-09T07:00:00
Tuzla,Berlin,2026-07-09T07:00:00,2026-07-12T23:59:59,2026-07-09T07:00:00
Tuzla,Bratislava,2026-07-09T07:00:00,2026-07-12T23:59:59,2026-07-09T07:00:00
Tuzla,Cologne/Bonn,2026-07-09T07:00:00,2026-07-12T23:59:59,2026-07-09T07:00:00
Tuzla,Frankfurt,2026-07-09T07:00:00,2026-07-12T23:59:59,2026-07-09T07:00:00
Tuzla,Hamburg,2026-07-09T07:00:00,2026-07-12T23:59:59,2026-07-09T07:00:00
Tuzla,Maastricht,2026-07-09T07:00:00,2026-07-12T23:59:59,2026-07-09T07:00:00
Tuzla,Malmo,2026-07-09T07:00:00,2026-07-12T23:59:59,2026-07-09T07:00:00
Tuzla,Memmingen,2026-07-09T07:00:00,2026-07-12T23:59:59,2026-07-09T07:00:00
Tuzla,Paris,2026-07-09T07:00:00,2026-07-12T23:59:59,2026-07-09T07:00:00
Valencia,Budapest,2026-07-09T07:00:00,2026-07-12T23:59:59,2026-07-09T07:00:00
Valencia,London,2026-07-09T07:00:00,2026-07-12T23:59:59,2026-07-09T07:00:00
Valencia,Milan,2026-07-09T07:00:00,2026-07-12T23:59:59,2026-07-09T07:00:00
Valencia,Rome,2026-07-09T07:00:00,2026-07-12T23:59:59,2026-07-09T07:00:00
Valencia,Venice,2026-07-09T07:00:00,2026-07-12T23:59:59,2026-07-09T07:00:00
Varna,Athens,2026-07-09T07:00:00,2026-07-12T23:59:59,2026-07-09T07:00:00
Varna,Barcelona,2026-07-09T07:00:00,2026-07-12T23:59:59,2026-07-09T07:00:00
Varna,Berlin,2026-07-09T07:00:00,2026-07-12T23:59:59,2026-07-09T07:00:00
Varna,Bratislava,2026-07-09T07:00:00,2026-07-12T23:59:59,2026-07-09T07:00:00
Varna,Brussels,2026-07-09T07:00:00,2026-07-12T23:59:59,2026-07-09T07:00:00
Varna,Budapest,2026-07-09T07:00:00,2026-07-12T23:59:59,2026-07-09T07:00:00
Varna,Debrecen,2026-07-09T07:00:00,2026-07-12T23:59:59,2026-07-09T07:00:00
Varna,Dortmund,2026-07-09T07:00:00,2026-07-12T23:59:59,2026-07-09T07:00:00
Varna,Gdansk,2026-07-09T07:00:00,2026-07-12T23:59:59,2026-07-09T07:00:00
Varna,Hamburg,2026-07-09T07:00:00,2026-07-12T23:59:59,2026-07-09T07:00:00
Varna,Katowice,2026-07-09T07:00:00,2026-07-12T23:59:59,2026-07-09T07:00:00
Varna,Memmingen,2026-07-09T07:00:00,2026-07-12T23:59:59,2026-07-09T07:00:00
Varna,Milan,2026-07-09T07:00:00,2026-07-12T23:59:59,2026-07-09T07:00:00
Varna,Nuremberg,2026-07-09T07:00:00,2026-07-12T23:59:59,2026-07-09T07:00:00
Varna,Rome,2026-07-09T07:00:00,2026-07-12T23:59:59,2026-07-09T07:00:00
Varna,Warsaw,2026-07-09T07:00:00,2026-07-12T23:59:59,2026-07-09T07:00:00
Venice,Bordeaux,2026-07-09T07:00:00,2026-07-12T23:59:59,2026-07-09T07:00:00
Venice,Budapest,2026-07-09T07:00:00,2026-07-12T23:59:59,2026-07-09T07:00:00
Venice,Chisinau,2026-07-09T07:00:00,2026-07-12T23:59:59,2026-07-09T07:00:00
Venice,Craiova,2026-07-09T07:00:00,2026-07-12T23:59:59,2026-07-09T07:00:00
Venice,Timisoara,2026-07-09T07:00:00,2026-07-12T23:59:59,2026-07-09T07:00:00
Venice,Warsaw,2026-07-09T07:00:00,2026-07-12T23:59:59,2026-07-09T07:00:00
Verona,Chisinau,2026-07-09T07:00:00,2026-07-12T23:59:59,2026-07-09T07:00:00
Vilnius,Barcelona,2026-07-09T07:00:00,2026-07-12T23:59:59,2026-07-09T07:00:00
Vilnius,Billund,2026-07-09T07:00:00,2026-07-12T23:59:59,2026-07-09T07:00:00
Vilnius,Dortmund,2026-07-09T07:00:00,2026-07-12T23:59:59,2026-07-09T07:00:00
Vilnius,Gdansk,2026-07-09T07:00:00,2026-07-12T23:59:59,2026-07-09T07:00:00
Vilnius,London,2026-07-09T07:00:00,2026-07-12T23:59:59,2026-07-09T07:00:00
Vilnius,Malaga,2026-07-09T07:00:00,2026-07-12T23:59:59,2026-07-09T07:00:00
Vilnius,Milan,2026-07-09T07:00:00,2026-07-12T23:59:59,2026-07-09T07:00:00
Vilnius,Tallinn,2026-07-09T07:00:00,2026-07-12T23:59:59,2026-07-09T07:00:00
Vilnius,Turku,2026-07-09T07:00:00,2026-07-12T23:59:59,2026-07-09T07:00:00
Warsaw,Bologna,2026-07-09T07:00:00,2026-07-12T23:59:59,2026-07-09T07:00:00
Warsaw,Brasov,2026-07-09T07:00:00,2026-07-12T23:59:59,2026-07-09T07:00:00
Warsaw,Bratislava,2026-07-09T07:00:00,2026-07-12T23:59:59,2026-07-09T07:00:00
Warsaw,Brussels,2026-07-09T07:00:00,2026-07-12T23:59:59,2026-07-09T07:00:00
Warsaw,Budapest,2026-07-09T07:00:00,2026-07-12T23:59:59,2026-07-09T07:00:00
Warsaw,Dubrovnik,2026-07-09T07:00:00,2026-07-12T23:59:59,2026-07-09T07:00:00
Warsaw,Eindhoven,2026-07-09T07:00:00,2026-07-12T23:59:59,2026-07-09T07:00:00
Warsaw,Heraklion,2026-07-09T07:00:00,2026-07-12T23:59:59,2026-07-09T07:00:00
Warsaw,Leeds/Bradford,2026-07-09T07:00:00,2026-07-12T23:59:59,2026-07-09T07:00:00
Warsaw,Liverpool,2026-07-09T07:00:00,2026-07-12T23:59:59,2026-07-09T07:00:00
Warsaw,London,2026-07-09T07:00:00,2026-07-12T23:59:59,2026-07-09T07:00:00
Warsaw,Madeira,2026-07-09T07:00:00,2026-07-12T23:59:59,2026-07-09T07:00:00
Warsaw,Milan,2026-07-09T07:00:00,2026-07-12T23:59:59,2026-07-09T07:00:00
Warsaw,Nice,2026-07-09T07:00:00,2026-07-12T23:59:59,2026-07-09T07:00:00
Warsaw,Oslo,2026-07-09T07:00:00,2026-07-12T23:59:59,2026-07-09T07:00:00
Warsaw,Palma De Mallorca,2026-07-09T07:00:00,2026-07-12T23:59:59,2026-07-09T07:00:00
Warsaw,Paris,2026-07-09T07:00:00,2026-07-12T23:59:59,2026-07-09T07:00:00
Warsaw,Pisa,2026-07-09T07:00:00,2026-07-12T23:59:59,2026-07-09T07:00:00
Warsaw,Porto,2026-07-09T07:00:00,2026-07-12T23:59:59,2026-07-09T07:00:00
Warsaw,Rome,2026-07-09T07:00:00,2026-07-12T23:59:59,2026-07-09T07:00:00
Warsaw,Split,2026-07-09T07:00:00,2026-07-12T23:59:59,2026-07-09T07:00:00
Warsaw,Tel Aviv,2026-07-09T07:00:00,2026-07-12T23:59:59,2026-07-09T07:00:00
Warsaw,Zadar,2026-07-09T07:00:00,2026-07-12T23:59:59,2026-07-09T07:00:00
Warsaw,Zakinthos Island,2026-07-09T07:00:00,2026-07-12T23:59:59,2026-07-09T07:00:00
Wroclaw,Barcelona,2026-07-09T07:00:00,2026-07-12T23:59:59,2026-07-09T07:00:00
Wroclaw,Basel/Mulhouse,2026-07-09T07:00:00,2026-07-12T23:59:59,2026-07-09T07:00:00
Wroclaw,Bucharest,2026-07-09T07:00:00,2026-07-12T23:59:59,2026-07-09T07:00:00
Wroclaw,Budapest,2026-07-09T07:00:00,2026-07-12T23:59:59,2026-07-09T07:00:00
Wroclaw,Dortmund,2026-07-09T07:00:00,2026-07-12T23:59:59,2026-07-09T07:00:00
Wroclaw,London,2026-07-09T07:00:00,2026-07-12T23:59:59,2026-07-09T07:00:00
Wroclaw,Madrid,2026-07-09T07:00:00,2026-07-12T23:59:59,2026-07-09T07:00:00
Wroclaw,Nice,2026-07-09T07:00:00,2026-07-12T23:59:59,2026-07-09T07:00:00
Yerevan,Bari,2026-07-09T07:00:00,2026-07-12T23:59:59,2026-07-09T07:00:00
Yerevan,Bucharest,2026-07-09T07:00:00,2026-07-12T23:59:59,2026-07-09T07:00:00
Yerevan,Dortmund,2026-07-09T07:00:00,2026-07-12T23:59:59,2026-07-09T07:00:00
Yerevan,Hamburg,2026-07-09T07:00:00,2026-07-12T23:59:59,2026-07-09T07:00:00
Yerevan,Larnaca,2026-07-09T07:00:00,2026-07-12T23:59:59,2026-07-09T07:00:00
Yerevan,Memmingen,2026-07-09T07:00:00,2026-07-12T23:59:59,2026-07-09T07:00:00
Yerevan,Paris,2026-07-09T07:00:00,2026-07-12T23:59:59,2026-07-09T07:00:00
Yerevan,Rome,2026-07-09T07:00:00,2026-07-12T23:59:59,2026-07-09T07:00:00
Zadar,Budapest,2026-07-09T07:00:00,2026-07-12T23:59:59,2026-07-09T07:00:00
Zadar,Warsaw,2026-07-09T07:00:00,2026-07-12T23:59:59,2026-07-09T07:00:00
Zakinthos Island,Bucharest,2026-07-09T07:00:00,2026-07-12T23:59:59,2026-07-09T07:00:00
Zakinthos Island,Budapest,2026-07-09T07:00:00,2026-07-12T23:59:59,2026-07-09T07:00:00
Zakinthos Island,London,2026-07-09T07:00:00,2026-07-12T23:59:59,2026-07-09T07:00:00
Zakinthos Island,Milan,2026-07-09T07:00:00,2026-07-12T23:59:59,2026-07-09T07:00:00
Zakinthos Island,Rome,2026-07-09T07:00:00,2026-07-12T23:59:59,2026-07-09T07:00:00
Zakinthos Island,Warsaw,2026-07-09T07:00:00,2026-07-12T23:59:59,2026-07-09T07:00:00
Zaragoza,Rome,2026-07-09T07:00:00,2026-07-12T23:59:59,2026-07-09T07:00:00
